110111111
101000010
101000010
001001000
110111000
101000001
000000001
111000111
001110000
110101110
101000011
111000111
001101000
110100001
101000010
111000111
001000100
000100101
000000110
001111000
110100000
001000110
110100000
001000101
110110000
001100111
110100001
110000110
110100001
111000100
001011000
110100001
010000011
110000101
010101110
001000101
110100001
000000110
001110000
101100101
110110000
010000110
110000100
001101110
110100011
111000110
001101000
110100100
111000110
001100000
110101000
111000110
001011000
101101001
101100010
101011010
101011010
000101100
000000011
000000111
001111000
001110111
110100000
001101000
110100000
001100000
110100001
110010011
110100001
111000110
010000100
001100000
110100001
000000101
001101000
101110101
110110000
010000101
110000111
001100101
000100111