110100000
110100000
001011000
110100110
100011000
110100001
110001011
110100110
011011000
110100001
000011011
000000011
011001000
110100000
110100000
000000011
011010000
101001011
101001010
110101111
101000010
101000010
111000010
001011000
101011111
000001011
110101110
111010000
001100000
101100010
101100010
110100001
111010000
001101000
101101011
000100101
001010100
110100111
100001000
110100101
100010000
110101000
001100000
110100000
001101000
110100001
110000011
110100001
111000001
001110000
101001101
110100001
010110000
110000010
010101100
001101000
110100001
000100000
110110000
010000100
110000001
101010101
110100001
001100000
110100001
110000110
110100001
111000010
001110000
101010101
110100001
010110000
110000101
010101100
001101000
110100001
000100000
110101000
010000100
110000100
110100011
111000101
101000001
001011000
110100100
111000101
101000010
001100000
110101000
111000101
101000111
001101000
110100101
011110000
000110011
000110100
110100111
011111000
000111101
110100000
001011000
110100000
001100000
001010110
001001111
110100001
110001000
110100001
111001000
010011000
001011000
101001101
110100001
000100000
110101000
010100000
110000111
110100000
001100000
110100001
110001010
110100001
111010000
010011000
001011000
101010101
110100001
000100000
110101000
010100000
110001001
000110011
110100110
011011000
110111110
000011011
000000011
100110000
110111111
110111111
000000011
100111000
110100110
011011000
110100001
000011000
110100110
100011000
110100110
011011000
110101111
001100000
010100011
110000000