110100000
110100000
110100000
110100000
110100000
110100000
110100000
001001000
110100000
001010000
110100000
001011000
110100000
110000000
110100000
011001000
110100000
001100000
110100000
001101000
001000111
000000001
011110000
110100000
110000000
110100000
011110000
110100000
010110000
001001000
101110101
110100000
100110000
110100000
011110000
010110001
110000000
110100000
000010000
110100000
001101000
110100000
000100000
110100000
010100000
110000000
110100000
011001000
110100000
000001000
110100000
100001000
000011101
110100000
011001000
110100000
010001000
110000000
110100000
001001000
110100000
100001000
110100000
000000111
100010000
110100000
000000111
100011000
110100000
001010000
110100000
110000000
001000111
110100000
000000001
011000000
001011000
110100000
111000011
001100000
001011001
110100000
000011000
000011111
011011011
110100000
101000010
101000010
111000011
001101000
101100010
101100010
101101110
101101110
110100000
000000100
000000101
001110000
110100000
001100000
110100000
110000000
110100000
010000110
001101000
101110101
110100000
011011000
010110011
110000000
110100000
000010000
110100000
000100000
110100000
010100000
110000000
110100000
000001000
110100000
010001000
110000000
110100000
000000111
011000000
000000010
001001000
110100000
000000111
100001000