110100000
110100000
001011000
110100110
100011000
110100001
110000001
110100110
011011000
110111111
000011011
000000011
011001000
110111110
000000011
011010000
110100000
001011000
110100000
001100000
110100001
110001101
110100001
111001000
010011000
001011000
101001101
110100001
000100000
110101000
010100000
110001100
110100000
001100000
110100001
110001111
110100001
111010000
010011000
001011000
101010101
110100001
000100000
110101000
010100000
110001110
110100110
011101000
110111111
000101101
000000101
011001000
110111110
000000101
011010000
101010101
110100001
001100000
110100000
001101000
110100001
110010010
110100001
111000010
001110000
101010101
110100001
010110000
110010001
010101100
001101000
110100001
000100000
110101000
010000100
110010000
110101000
001100000
110100001
110010101
110100001
111000001
001110000
101001101
110100001
010110000
110010100
010101100
001101000
110100001
000100000
110110000
010000100
110010011
110100000
001001000
110100110
011100000
110111111
000100100
000000100
011111000
110111110
000000100
011110000
110100000
010011000
110011000
110100000
010101000
110010110
110100000
001001000
110100001
110010111
110111000
101000011
001001000
110100001
110011111
110100000
010101000
110011001
110100001
010000110
001110000
110101000
101000011
001001000
110100001
110011111
110101000
101000011
001001000
110101000
001010101
101010111
110101000
010101000
110011010
110100000
001100000
110100001
110011011
110100001
001100000
000100010
110100111
111000101
001101000
110100001
001010000
110100000
001011000
110100001
110011101
101010001
110100001
000011000
010011101
110011100
110100010
010100000
110011110
010111010
001111000
110100001
110011111
010110010
001110000
110101110
101000010
101000010
111000110
101000110
101000110
001010000
110101000
111000110
101000111
001011000
110111110
111000111
101000011
001100000
101111111
101111110
000010011
000010100
001110010
000111001
110100110
011011000
110100000
000011011
000000011
100110000
110100001
000000011
100111000
110100110
011011000
110100001
000011000
110100110
100011000
110100110
011011000
110101111
001100000
010100011
110000000